netcdf gistemp1200_ERSST {
dimensions:
	lat = 90 ;
	lon = 180 ;
	time = 1621 ;
	nv = 2 ;
,variables:
	float lat(lat) ;
		lat:standard_name = "latitude" ;
		lat:long_name = "Latitude" ;
		lat:units = "degrees_north" ;
	float lon(lon) ;
		lon:standard_name = "longitude" ;
		lon:long_name = "Longitude" ;
		lon:units = "degrees_east" ;
	int time(time) ;
		time:long_name = "time" ;
		time:units = "days since 1800-01-01 00:00:00" ;
		time:bounds = "time_bnds" ;
	int time_bnds(time, nv) ;
	short tempanomaly(time, lat, lon) ;
		tempanomaly:long_name = "Surface temperature anomaly" ;
		tempanomaly:units = "K" ;
		tempanomaly:scale_factor = 0.01f ;
		tempanomaly:cell_methods = "time: mean" ;
		tempanomaly:_FillValue = 32767s ;

// global attributes:
		:title = "GISTEMP Surface Temperature Analysis" ;
,		:institution = "NASA Goddard Institute for Space Studies" ;
,		:source = "http://data.giss.nasa.gov/gistemp/" ;
,		:Conventions = "CF-1.6" ;
,		:history = "Created 2015-02-13 09:09:40 by SBBX_to_nc 2.0 - ILAND=1200, IOCEAN=NCDC/ER3, Base: 1951-1980" ;
data:

 lat = -89, -87, -85, -83, -81, -79, -77, -75, -73, -71, -69, -67, -65, -63, 
    -61, -59, -57, -55, -53, -51, -49, -47, -45, -43, -41, -39, -37, -35, 
    -33, -31, -29, -27, -25, -23, -21, -19, -17, -15, -13, -11, -9, -7, -5, 
    -3, -1, 1, 3, 5, 7, 9, 11, 13, 15, 17, 19, 21, 23, 25, 27, 29, 31, 33, 
    35, 37, 39, 41, 43, 45, 47, 49, 51, 53, 55, 57, 59, 61, 63, 65, 67, 69, 
    71, 73, 75, 77, 79, 81, 83, 85, 87, 89 ;
,
 lon = -179, -177, -175, -173, -171, -169, -167, -165, -163, -161, -159, 
    -157, -155, -153, -151, -149, -147, -145, -143, -141, -139, -137, -135, 
    -133, -131, -129, -127, -125, -123, -121, -119, -117, -115, -113, -111, 
    -109, -107, -105, -103, -101, -99, -97, -95, -93, -91, -89, -87, -85, 
    -83, -81, -79, -77, -75, -73, -71, -69, -67, -65, -63, -61, -59, -57, 
    -55, -53, -51, -49, -47, -45, -43, -41, -39, -37, -35, -33, -31, -29, 
    -27, -25, -23, -21, -19, -17, -15, -13, -11, -9, -7, -5, -3, -1, 1, 3, 5, 
    7, 9, 11, 13, 15, 17, 19, 21, 23, 25, 27, 29, 31, 33, 35, 37, 39, 41, 43, 
    45, 47, 49, 51, 53, 55, 57, 59, 61, 63, 65, 67, 69, 71, 73, 75, 77, 79, 
    81, 83, 85, 87, 89, 91, 93, 95, 97, 99, 101, 103, 105, 107, 109, 111, 
    113, 115, 117, 119, 121, 123, 125, 127, 129, 131, 133, 135, 137, 139, 
    141, 143, 145, 147, 149, 151, 153, 155, 157, 159, 161, 163, 165, 167, 
    169, 171, 173, 175, 177, 179 ;
,
 time = 29233, 29264, 29293, 29324, 29354, 29385, 29415, 29446, 29477, 29507, 
    29538, 29568, 29599, 29630, 29658, 29689, 29719, 29750, 29780, 29811, 
    29842, 29872, 29903, 29933, 29964, 29995, 30023, 30054, 30084, 30115, 
    30145, 30176, 30207, 30237, 30268, 30298, 30329, 30360, 30388, 30419, 
    30449, 30480, 30510, 30541, 30572, 30602, 30633, 30663, 30694, 30725, 
    30754, 30785, 30815, 30846, 30876, 30907, 30938, 30968, 30999, 31029, 
    31060, 31091, 31119, 31150, 31180, 31211, 31241, 31272, 31303, 31333, 
    31364, 31394, 31425, 31456, 31484, 31515, 31545, 31576, 31606, 31637, 
    31668, 31698, 31729, 31759, 31790, 31821, 31849, 31880, 31910, 31941, 
    31971, 32002, 32033, 32063, 32094, 32124, 32155, 32186, 32215, 32246, 
    32276, 32307, 32337, 32368, 32399, 32429, 32460, 32490, 32521, 32552, 
    32580, 32611, 32641, 32672, 32702, 32733, 32764, 32794, 32825, 32855, 
    32886, 32917, 32945, 32976, 33006, 33037, 33067, 33098, 33129, 33159, 
    33190, 33220, 33251, 33282, 33310, 33341, 33371, 33402, 33432, 33463, 
    33494, 33524, 33555, 33585, 33616, 33647, 33676, 33707, 33737, 33768, 
    33798, 33829, 33860, 33890, 33921, 33951, 33982, 34013, 34041, 34072, 
    34102, 34133, 34163, 34194, 34225, 34255, 34286, 34316, 34347, 34378, 
    34406, 34437, 34467, 34498, 34528, 34559, 34590, 34620, 34651, 34681, 
    34712, 34743, 34771, 34802, 34832, 34863, 34893, 34924, 34955, 34985, 
    35016, 35046, 35077, 35108, 35137, 35168, 35198, 35229, 35259, 35290, 
    35321, 35351, 35382, 35412, 35443, 35474, 35502, 35533, 35563, 35594, 
    35624, 35655, 35686, 35716, 35747, 35777, 35808, 35839, 35867, 35898, 
    35928, 35959, 35989, 36020, 36051, 36081, 36112, 36142, 36173, 36204, 
    36232, 36263, 36293, 36324, 36354, 36385, 36416, 36446, 36477, 36507, 
    36538, 36569, 36597, 36628, 36658, 36689, 36719, 36750, 36781, 36811, 
    36842, 36872, 36903, 36934, 36962, 36993, 37023, 37054, 37084, 37115, 
    37146, 37176, 37207, 37237, 37268, 37299, 37327, 37358, 37388, 37419, 
    37449, 37480, 37511, 37541, 37572, 37602, 37633, 37664, 37692, 37723, 
    37753, 37784, 37814, 37845, 37876, 37906, 37937, 37967, 37998, 38029, 
    38058, 38089, 38119, 38150, 38180, 38211, 38242, 38272, 38303, 38333, 
    38364, 38395, 38423, 38454, 38484, 38515, 38545, 38576, 38607, 38637, 
    38668, 38698, 38729, 38760, 38788, 38819, 38849, 38880, 38910, 38941, 
    38972, 39002, 39033, 39063, 39094, 39125, 39153, 39184, 39214, 39245, 
    39275, 39306, 39337, 39367, 39398, 39428, 39459, 39490, 39519, 39550, 
    39580, 39611, 39641, 39672, 39703, 39733, 39764, 39794, 39825, 39856, 
    39884, 39915, 39945, 39976, 40006, 40037, 40068, 40098, 40129, 40159, 
    40190, 40221, 40249, 40280, 40310, 40341, 40371, 40402, 40433, 40463, 
    40494, 40524, 40555, 40586, 40614, 40645, 40675, 40706, 40736, 40767, 
    40798, 40828, 40859, 40889, 40920, 40951, 40980, 41011, 41041, 41072, 
    41102, 41133, 41164, 41194, 41225, 41255, 41286, 41317, 41345, 41376, 
    41406, 41437, 41467, 41498, 41529, 41559, 41590, 41620, 41651, 41682, 
    41710, 41741, 41771, 41802, 41832, 41863, 41894, 41924, 41955, 41985, 
    42016, 42047, 42075, 42106, 42136, 42167, 42197, 42228, 42259, 42289, 
    42320, 42350, 42381, 42412, 42441, 42472, 42502, 42533, 42563, 42594, 
    42625, 42655, 42686, 42716, 42747, 42778, 42806, 42837, 42867, 42898, 
    42928, 42959, 42990, 43020, 43051, 43081, 43112, 43143, 43171, 43202, 
    43232, 43263, 43293, 43324, 43355, 43385, 43416, 43446, 43477, 43508, 
    43536, 43567, 43597, 43628, 43658, 43689, 43720, 43750, 43781, 43811, 
    43842, 43873, 43902, 43933, 43963, 43994, 44024, 44055, 44086, 44116, 
    44147, 44177, 44208, 44239, 44267, 44298, 44328, 44359, 44389, 44420, 
    44451, 44481, 44512, 44542, 44573, 44604, 44632, 44663, 44693, 44724, 
    44754, 44785, 44816, 44846, 44877, 44907, 44938, 44969, 44997, 45028, 
    45058, 45089, 45119, 45150, 45181, 45211, 45242, 45272, 45303, 45334, 
    45363, 45394, 45424, 45455, 45485, 45516, 45547, 45577, 45608, 45638, 
    45669, 45700, 45728, 45759, 45789, 45820, 45850, 45881, 45912, 45942, 
    45973, 46003, 46034, 46065, 46093, 46124, 46154, 46185, 46215, 46246, 
    46277, 46307, 46338, 46368, 46399, 46430, 46458, 46489, 46519, 46550, 
    46580, 46611, 46642, 46672, 46703, 46733, 46764, 46795, 46824, 46855, 
    46885, 46916, 46946, 46977, 47008, 47038, 47069, 47099, 47130, 47161, 
    47189, 47220, 47250, 47281, 47311, 47342, 47373, 47403, 47434, 47464, 
    47495, 47526, 47554, 47585, 47615, 47646, 47676, 47707, 47738, 47768, 
    47799, 47829, 47860, 47891, 47919, 47950, 47980, 48011, 48041, 48072, 
    48103, 48133, 48164, 48194, 48225, 48256, 48285, 48316, 48346, 48377, 
    48407, 48438, 48469, 48499, 48530, 48560, 48591, 48622, 48650, 48681, 
    48711, 48742, 48772, 48803, 48834, 48864, 48895, 48925, 48956, 48987, 
    49015, 49046, 49076, 49107, 49137, 49168, 49199, 49229, 49260, 49290, 
    49321, 49352, 49380, 49411, 49441, 49472, 49502, 49533, 49564, 49594, 
    49625, 49655, 49686, 49717, 49746, 49777, 49807, 49838, 49868, 49899, 
    49930, 49960, 49991, 50021, 50052, 50083, 50111, 50142, 50172, 50203, 
    50233, 50264, 50295, 50325, 50356, 50386, 50417, 50448, 50476, 50507, 
    50537, 50568, 50598, 50629, 50660, 50690, 50721, 50751, 50782, 50813, 
    50841, 50872, 50902, 50933, 50963, 50994, 51025, 51055, 51086, 51116, 
    51147, 51178, 51207, 51238, 51268, 51299, 51329, 51360, 51391, 51421, 
    51452, 51482, 51513, 51544, 51572, 51603, 51633, 51664, 51694, 51725, 
    51756, 51786, 51817, 51847, 51878, 51909, 51937, 51968, 51998, 52029, 
    52059, 52090, 52121, 52151, 52182, 52212, 52243, 52274, 52302, 52333, 
    52363, 52394, 52424, 52455, 52486, 52516, 52547, 52577, 52608, 52639, 
    52668, 52699, 52729, 52760, 52790, 52821, 52852, 52882, 52913, 52943, 
    52974, 53005, 53033, 53064, 53094, 53125, 53155, 53186, 53217, 53247, 
    53278, 53308, 53339, 53370, 53398, 53429, 53459, 53490, 53520, 53551, 
    53582, 53612, 53643, 53673, 53704, 53735, 53763, 53794, 53824, 53855, 
    53885, 53916, 53947, 53977, 54008, 54038, 54069, 54100, 54129, 54160, 
    54190, 54221, 54251, 54282, 54313, 54343, 54374, 54404, 54435, 54466, 
    54494, 54525, 54555, 54586, 54616, 54647, 54678, 54708, 54739, 54769, 
    54800, 54831, 54859, 54890, 54920, 54951, 54981, 55012, 55043, 55073, 
    55104, 55134, 55165, 55196, 55224, 55255, 55285, 55316, 55346, 55377, 
    55408, 55438, 55469, 55499, 55530, 55561, 55590, 55621, 55651, 55682, 
    55712, 55743, 55774, 55804, 55835, 55865, 55896, 55927, 55955, 55986, 
    56016, 56047, 56077, 56108, 56139, 56169, 56200, 56230, 56261, 56292, 
    56320, 56351, 56381, 56412, 56442, 56473, 56504, 56534, 56565, 56595, 
    56626, 56657, 56685, 56716, 56746, 56777, 56807, 56838, 56869, 56899, 
    56930, 56960, 56991, 57022, 57051, 57082, 57112, 57143, 57173, 57204, 
    57235, 57265, 57296, 57326, 57357, 57388, 57416, 57447, 57477, 57508, 
    57538, 57569, 57600, 57630, 57661, 57691, 57722, 57753, 57781, 57812, 
    57842, 57873, 57903, 57934, 57965, 57995, 58026, 58056, 58087, 58118, 
    58146, 58177, 58207, 58238, 58268, 58299, 58330, 58360, 58391, 58421, 
    58452, 58483, 58512, 58543, 58573, 58604, 58634, 58665, 58696, 58726, 
    58757, 58787, 58818, 58849, 58877, 58908, 58938, 58969, 58999, 59030, 
    59061, 59091, 59122, 59152, 59183, 59214, 59242, 59273, 59303, 59334, 
    59364, 59395, 59426, 59456, 59487, 59517, 59548, 59579, 59607, 59638, 
    59668, 59699, 59729, 59760, 59791, 59821, 59852, 59882, 59913, 59944, 
    59973, 60004, 60034, 60065, 60095, 60126, 60157, 60187, 60218, 60248, 
    60279, 60310, 60338, 60369, 60399, 60430, 60460, 60491, 60522, 60552, 
    60583, 60613, 60644, 60675, 60703, 60734, 60764, 60795, 60825, 60856, 
    60887, 60917, 60948, 60978, 61009, 61040, 61068, 61099, 61129, 61160, 
    61190, 61221, 61252, 61282, 61313, 61343, 61374, 61405, 61434, 61465, 
    61495, 61526, 61556, 61587, 61618, 61648, 61679, 61709, 61740, 61771, 
    61799, 61830, 61860, 61891, 61921, 61952, 61983, 62013, 62044, 62074, 
    62105, 62136, 62164, 62195, 62225, 62256, 62286, 62317, 62348, 62378, 
    62409, 62439, 62470, 62501, 62529, 62560, 62590, 62621, 62651, 62682, 
    62713, 62743, 62774, 62804, 62835, 62866, 62895, 62926, 62956, 62987, 
    63017, 63048, 63079, 63109, 63140, 63170, 63201, 63232, 63260, 63291, 
    63321, 63352, 63382, 63413, 63444, 63474, 63505, 63535, 63566, 63597, 
    63625, 63656, 63686, 63717, 63747, 63778, 63809, 63839, 63870, 63900, 
    63931, 63962, 63990, 64021, 64051, 64082, 64112, 64143, 64174, 64204, 
    64235, 64265, 64296, 64327, 64356, 64387, 64417, 64448, 64478, 64509, 
    64540, 64570, 64601, 64631, 64662, 64693, 64721, 64752, 64782, 64813, 
    64843, 64874, 64905, 64935, 64966, 64996, 65027, 65058, 65086, 65117, 
    65147, 65178, 65208, 65239, 65270, 65300, 65331, 65361, 65392, 65423, 
    65451, 65482, 65512, 65543, 65573, 65604, 65635, 65665, 65696, 65726, 
    65757, 65788, 65817, 65848, 65878, 65909, 65939, 65970, 66001, 66031, 
    66062, 66092, 66123, 66154, 66182, 66213, 66243, 66274, 66304, 66335, 
    66366, 66396, 66427, 66457, 66488, 66519, 66547, 66578, 66608, 66639, 
    66669, 66700, 66731, 66761, 66792, 66822, 66853, 66884, 66912, 66943, 
    66973, 67004, 67034, 67065, 67096, 67126, 67157, 67187, 67218, 67249, 
    67278, 67309, 67339, 67370, 67400, 67431, 67462, 67492, 67523, 67553, 
    67584, 67615, 67643, 67674, 67704, 67735, 67765, 67796, 67827, 67857, 
    67888, 67918, 67949, 67980, 68008, 68039, 68069, 68100, 68130, 68161, 
    68192, 68222, 68253, 68283, 68314, 68345, 68373, 68404, 68434, 68465, 
    68495, 68526, 68557, 68587, 68618, 68648, 68679, 68710, 68739, 68770, 
    68800, 68831, 68861, 68892, 68923, 68953, 68984, 69014, 69045, 69076, 
    69104, 69135, 69165, 69196, 69226, 69257, 69288, 69318, 69349, 69379, 
    69410, 69441, 69469, 69500, 69530, 69561, 69591, 69622, 69653, 69683, 
    69714, 69744, 69775, 69806, 69834, 69865, 69895, 69926, 69956, 69987, 
    70018, 70048, 70079, 70109, 70140, 70171, 70200, 70231, 70261, 70292, 
    70322, 70353, 70384, 70414, 70445, 70475, 70506, 70537, 70565, 70596, 
    70626, 70657, 70687, 70718, 70749, 70779, 70810, 70840, 70871, 70902, 
    70930, 70961, 70991, 71022, 71052, 71083, 71114, 71144, 71175, 71205, 
    71236, 71267, 71295, 71326, 71356, 71387, 71417, 71448, 71479, 71509, 
    71540, 71570, 71601, 71632, 71661, 71692, 71722, 71753, 71783, 71814, 
    71845, 71875, 71906, 71936, 71967, 71998, 72026, 72057, 72087, 72118, 
    72148, 72179, 72210, 72240, 72271, 72301, 72332, 72363, 72391, 72422, 
    72452, 72483, 72513, 72544, 72575, 72605, 72636, 72666, 72697, 72728, 
    72756, 72787, 72817, 72848, 72878, 72909, 72940, 72970, 73001, 73031, 
    73062, 73093, 73122, 73153, 73183, 73214, 73244, 73275, 73306, 73336, 
    73367, 73397, 73428, 73459, 73487, 73518, 73548, 73579, 73609, 73640, 
    73671, 73701, 73732, 73762, 73793, 73824, 73852, 73883, 73913, 73944, 
    73974, 74005, 74036, 74066, 74097, 74127, 74158, 74189, 74217, 74248, 
    74278, 74309, 74339, 74370, 74401, 74431, 74462, 74492, 74523, 74554, 
    74583, 74614, 74644, 74675, 74705, 74736, 74767, 74797, 74828, 74858, 
    74889, 74920, 74948, 74979, 75009, 75040, 75070, 75101, 75132, 75162, 
    75193, 75223, 75254, 75285, 75313, 75344, 75374, 75405, 75435, 75466, 
    75497, 75527, 75558, 75588, 75619, 75650, 75678, 75709, 75739, 75770, 
    75800, 75831, 75862, 75892, 75923, 75953, 75984, 76015, 76044, 76075, 
    76105, 76136, 76166, 76197, 76228, 76258, 76289, 76319, 76350, 76381, 
    76409, 76440, 76470, 76501, 76531, 76562, 76593, 76623, 76654, 76684, 
    76715, 76746, 76774, 76805, 76835, 76866, 76896, 76927, 76958, 76988, 
    77019, 77049, 77080, 77111, 77139, 77170, 77200, 77231, 77261, 77292, 
    77323, 77353, 77384, 77414, 77445, 77476, 77505, 77536, 77566, 77597, 
    77627, 77658, 77689, 77719, 77750, 77780, 77811, 77842, 77870, 77901, 
    77931, 77962, 77992, 78023, 78054, 78084, 78115, 78145, 78176, 78207, 
    78235, 78266, 78296, 78327, 78357, 78388, 78419, 78449, 78480, 78510, 
    78541 ;
,}
